     100
     100
       3       4       4       4       4       4       4       4       4       3       4       5       5       5       5       5       5       5       5       4       4       5       5       5       5       5       5       5       5       4       4       5       5       5       5       5       5       5       5       4       4       5       5       5       5       5       5       5       5       4       4       5       5       5       5       5       5       5       5       4       4       5       5       5       5       5       5       5       5       4       4       5       5       5       5       5       5       5       5       4       4       5       5       5       5       5       5       5       5       4       3       4       4       4       4       4       4       4       4       3
       0       1      10
       0       1       2      11
       1       2       3      12
       2       3       4      13
       3       4       5      14
       4       5       6      15
       5       6       7      16
       6       7       8      17
       7       8       9      18
       8       9      19
       0      10      11      20
       1      10      11      12      21
       2      11      12      13      22
       3      12      13      14      23
       4      13      14      15      24
       5      14      15      16      25
       6      15      16      17      26
       7      16      17      18      27
       8      17      18      19      28
       9      18      19      29
      10      20      21      30
      11      20      21      22      31
      12      21      22      23      32
      13      22      23      24      33
      14      23      24      25      34
      15      24      25      26      35
      16      25      26      27      36
      17      26      27      28      37
      18      27      28      29      38
      19      28      29      39
      20      30      31      40
      21      30      31      32      41
      22      31      32      33      42
      23      32      33      34      43
      24      33      34      35      44
      25      34      35      36      45
      26      35      36      37      46
      27      36      37      38      47
      28      37      38      39      48
      29      38      39      49
      30      40      41      50
      31      40      41      42      51
      32      41      42      43      52
      33      42      43      44      53
      34      43      44      45      54
      35      44      45      46      55
      36      45      46      47      56
      37      46      47      48      57
      38      47      48      49      58
      39      48      49      59
      40      50      51      60
      41      50      51      52      61
      42      51      52      53      62
      43      52      53      54      63
      44      53      54      55      64
      45      54      55      56      65
      46      55      56      57      66
      47      56      57      58      67
      48      57      58      59      68
      49      58      59      69
      50      60      61      70
      51      60      61      62      71
      52      61      62      63      72
      53      62      63      64      73
      54      63      64      65      74
      55      64      65      66      75
      56      65      66      67      76
      57      66      67      68      77
      58      67      68      69      78
      59      68      69      79
      60      70      71      80
      61      70      71      72      81
      62      71      72      73      82
      63      72      73      74      83
      64      73      74      75      84
      65      74      75      76      85
      66      75      76      77      86
      67      76      77      78      87
      68      77      78      79      88
      69      78      79      89
      70      80      81      90
      71      80      81      82      91
      72      81      82      83      92
      73      82      83      84      93
      74      83      84      85      94
      75      84      85      86      95
      76      85      86      87      96
      77      86      87      88      97
      78      87      88      89      98
      79      88      89      99
      80      90      91
      81      90      91      92
      82      91      92      93
      83      92      93      94
      84      93      94      95
      85      94      95      96
      86      95      96      97
      87      96      97      98
      88      97      98      99
      89      98      99
  4.0000000000000000e+00 -1.0000000000000000e+00 -1.0000000000000000e+00
 -1.0000000000000000e+00  4.0000000000000000e+00 -1.0000000000000000e+00 -1.0000000000000000e+00
 -1.0000000000000000e+00  4.0000000000000000e+00 -1.0000000000000000e+00 -1.0000000000000000e+00
 -1.0000000000000000e+00  4.0000000000000000e+00 -1.0000000000000000e+00 -1.0000000000000000e+00
 -1.0000000000000000e+00  4.0000000000000000e+00 -1.0000000000000000e+00 -1.0000000000000000e+00
 -1.0000000000000000e+00  4.0000000000000000e+00 -1.0000000000000000e+00 -1.0000000000000000e+00
 -1.0000000000000000e+00  4.0000000000000000e+00 -1.0000000000000000e+00 -1.0000000000000000e+00
 -1.0000000000000000e+00  4.0000000000000000e+00 -1.0000000000000000e+00 -1.0000000000000000e+00
 -1.0000000000000000e+00  4.0000000000000000e+00 -1.0000000000000000e+00 -1.0000000000000000e+00
 -1.0000000000000000e+00  4.0000000000000000e+00 -1.0000000000000000e+00
 -1.0000000000000000e+00  4.0000000000000000e+00 -1.0000000000000000e+00 -1.0000000000000000e+00
 -1.0000000000000000e+00 -1.0000000000000000e+00  4.0000000000000000e+00 -1.0000000000000000e+00 -1.0000000000000000e+00
 -1.0000000000000000e+00 -1.0000000000000000e+00  4.0000000000000000e+00 -1.0000000000000000e+00 -1.0000000000000000e+00
 -1.0000000000000000e+00 -1.0000000000000000e+00  4.0000000000000000e+00 -1.0000000000000000e+00 -1.0000000000000000e+00
 -1.0000000000000000e+00 -1.0000000000000000e+00  4.0000000000000000e+00 -1.0000000000000000e+00 -1.0000000000000000e+00
 -1.0000000000000000e+00 -1.0000000000000000e+00  4.0000000000000000e+00 -1.0000000000000000e+00 -1.0000000000000000e+00
 -1.0000000000000000e+00 -1.0000000000000000e+00  4.0000000000000000e+00 -1.0000000000000000e+00 -1.0000000000000000e+00
 -1.0000000000000000e+00 -1.0000000000000000e+00  4.0000000000000000e+00 -1.0000000000000000e+00 -1.0000000000000000e+00
 -1.0000000000000000e+00 -1.0000000000000000e+00  4.0000000000000000e+00 -1.0000000000000000e+00 -1.0000000000000000e+00
 -1.0000000000000000e+00 -1.0000000000000000e+00  4.0000000000000000e+00 -1.0000000000000000e+00
 -1.0000000000000000e+00  4.0000000000000000e+00 -1.0000000000000000e+00 -1.0000000000000000e+00
 -1.0000000000000000e+00 -1.0000000000000000e+00  4.0000000000000000e+00 -1.0000000000000000e+00 -1.0000000000000000e+00
 -1.0000000000000000e+00 -1.0000000000000000e+00  4.0000000000000000e+00 -1.0000000000000000e+00 -1.0000000000000000e+00
 -1.0000000000000000e+00 -1.0000000000000000e+00  4.0000000000000000e+00 -1.0000000000000000e+00 -1.0000000000000000e+00
 -1.0000000000000000e+00 -1.0000000000000000e+00  4.0000000000000000e+00 -1.0000000000000000e+00 -1.0000000000000000e+00
 -1.0000000000000000e+00 -1.0000000000000000e+00  4.0000000000000000e+00 -1.0000000000000000e+00 -1.0000000000000000e+00
 -1.0000000000000000e+00 -1.0000000000000000e+00  4.0000000000000000e+00 -1.0000000000000000e+00 -1.0000000000000000e+00
 -1.0000000000000000e+00 -1.0000000000000000e+00  4.0000000000000000e+00 -1.0000000000000000e+00 -1.0000000000000000e+00
 -1.0000000000000000e+00 -1.0000000000000000e+00  4.0000000000000000e+00 -1.0000000000000000e+00 -1.0000000000000000e+00
 -1.0000000000000000e+00 -1.0000000000000000e+00  4.0000000000000000e+00 -1.0000000000000000e+00
 -1.0000000000000000e+00  4.0000000000000000e+00 -1.0000000000000000e+00 -1.0000000000000000e+00
 -1.0000000000000000e+00 -1.0000000000000000e+00  4.0000000000000000e+00 -1.0000000000000000e+00 -1.0000000000000000e+00
 -1.0000000000000000e+00 -1.0000000000000000e+00  4.0000000000000000e+00 -1.0000000000000000e+00 -1.0000000000000000e+00
 -1.0000000000000000e+00 -1.0000000000000000e+00  4.0000000000000000e+00 -1.0000000000000000e+00 -1.0000000000000000e+00
 -1.0000000000000000e+00 -1.0000000000000000e+00  4.0000000000000000e+00 -1.0000000000000000e+00 -1.0000000000000000e+00
 -1.0000000000000000e+00 -1.0000000000000000e+00  4.0000000000000000e+00 -1.0000000000000000e+00 -1.0000000000000000e+00
 -1.0000000000000000e+00 -1.0000000000000000e+00  4.0000000000000000e+00 -1.0000000000000000e+00 -1.0000000000000000e+00
 -1.0000000000000000e+00 -1.0000000000000000e+00  4.0000000000000000e+00 -1.0000000000000000e+00 -1.0000000000000000e+00
 -1.0000000000000000e+00 -1.0000000000000000e+00  4.0000000000000000e+00 -1.0000000000000000e+00 -1.0000000000000000e+00
 -1.0000000000000000e+00 -1.0000000000000000e+00  4.0000000000000000e+00 -1.0000000000000000e+00
 -1.0000000000000000e+00  4.0000000000000000e+00 -1.0000000000000000e+00 -1.0000000000000000e+00
 -1.0000000000000000e+00 -1.0000000000000000e+00  4.0000000000000000e+00 -1.0000000000000000e+00 -1.0000000000000000e+00
 -1.0000000000000000e+00 -1.0000000000000000e+00  4.0000000000000000e+00 -1.0000000000000000e+00 -1.0000000000000000e+00
 -1.0000000000000000e+00 -1.0000000000000000e+00  4.0000000000000000e+00 -1.0000000000000000e+00 -1.0000000000000000e+00
 -1.0000000000000000e+00 -1.0000000000000000e+00  4.0000000000000000e+00 -1.0000000000000000e+00 -1.0000000000000000e+00
 -1.0000000000000000e+00 -1.0000000000000000e+00  4.0000000000000000e+00 -1.0000000000000000e+00 -1.0000000000000000e+00
 -1.0000000000000000e+00 -1.0000000000000000e+00  4.0000000000000000e+00 -1.0000000000000000e+00 -1.0000000000000000e+00
 -1.0000000000000000e+00 -1.0000000000000000e+00  4.0000000000000000e+00 -1.0000000000000000e+00 -1.0000000000000000e+00
 -1.0000000000000000e+00 -1.0000000000000000e+00  4.0000000000000000e+00 -1.0000000000000000e+00 -1.0000000000000000e+00
 -1.0000000000000000e+00 -1.0000000000000000e+00  4.0000000000000000e+00 -1.0000000000000000e+00
 -1.0000000000000000e+00  4.0000000000000000e+00 -1.0000000000000000e+00 -1.0000000000000000e+00
 -1.0000000000000000e+00 -1.0000000000000000e+00  4.0000000000000000e+00 -1.0000000000000000e+00 -1.0000000000000000e+00
 -1.0000000000000000e+00 -1.0000000000000000e+00  4.0000000000000000e+00 -1.0000000000000000e+00 -1.0000000000000000e+00
 -1.0000000000000000e+00 -1.0000000000000000e+00  4.0000000000000000e+00 -1.0000000000000000e+00 -1.0000000000000000e+00
 -1.0000000000000000e+00 -1.0000000000000000e+00  4.0000000000000000e+00 -1.0000000000000000e+00 -1.0000000000000000e+00
 -1.0000000000000000e+00 -1.0000000000000000e+00  4.0000000000000000e+00 -1.0000000000000000e+00 -1.0000000000000000e+00
 -1.0000000000000000e+00 -1.0000000000000000e+00  4.0000000000000000e+00 -1.0000000000000000e+00 -1.0000000000000000e+00
 -1.0000000000000000e+00 -1.0000000000000000e+00  4.0000000000000000e+00 -1.0000000000000000e+00 -1.0000000000000000e+00
 -1.0000000000000000e+00 -1.0000000000000000e+00  4.0000000000000000e+00 -1.0000000000000000e+00 -1.0000000000000000e+00
 -1.0000000000000000e+00 -1.0000000000000000e+00  4.0000000000000000e+00 -1.0000000000000000e+00
 -1.0000000000000000e+00  4.0000000000000000e+00 -1.0000000000000000e+00 -1.0000000000000000e+00
 -1.0000000000000000e+00 -1.0000000000000000e+00  4.0000000000000000e+00 -1.0000000000000000e+00 -1.0000000000000000e+00
 -1.0000000000000000e+00 -1.0000000000000000e+00  4.0000000000000000e+00 -1.0000000000000000e+00 -1.0000000000000000e+00
 -1.0000000000000000e+00 -1.0000000000000000e+00  4.0000000000000000e+00 -1.0000000000000000e+00 -1.0000000000000000e+00
 -1.0000000000000000e+00 -1.0000000000000000e+00  4.0000000000000000e+00 -1.0000000000000000e+00 -1.0000000000000000e+00
 -1.0000000000000000e+00 -1.0000000000000000e+00  4.0000000000000000e+00 -1.0000000000000000e+00 -1.0000000000000000e+00
 -1.0000000000000000e+00 -1.0000000000000000e+00  4.0000000000000000e+00 -1.0000000000000000e+00 -1.0000000000000000e+00
 -1.0000000000000000e+00 -1.0000000000000000e+00  4.0000000000000000e+00 -1.0000000000000000e+00 -1.0000000000000000e+00
 -1.0000000000000000e+00 -1.0000000000000000e+00  4.0000000000000000e+00 -1.0000000000000000e+00 -1.0000000000000000e+00
 -1.0000000000000000e+00 -1.0000000000000000e+00  4.0000000000000000e+00 -1.0000000000000000e+00
 -1.0000000000000000e+00  4.0000000000000000e+00 -1.0000000000000000e+00 -1.0000000000000000e+00
 -1.0000000000000000e+00 -1.0000000000000000e+00  4.0000000000000000e+00 -1.0000000000000000e+00 -1.0000000000000000e+00
 -1.0000000000000000e+00 -1.0000000000000000e+00  4.0000000000000000e+00 -1.0000000000000000e+00 -1.0000000000000000e+00
 -1.0000000000000000e+00 -1.0000000000000000e+00  4.0000000000000000e+00 -1.0000000000000000e+00 -1.0000000000000000e+00
 -1.0000000000000000e+00 -1.0000000000000000e+00  4.0000000000000000e+00 -1.0000000000000000e+00 -1.0000000000000000e+00
 -1.0000000000000000e+00 -1.0000000000000000e+00  4.0000000000000000e+00 -1.0000000000000000e+00 -1.0000000000000000e+00
 -1.0000000000000000e+00 -1.0000000000000000e+00  4.0000000000000000e+00 -1.0000000000000000e+00 -1.0000000000000000e+00
 -1.0000000000000000e+00 -1.0000000000000000e+00  4.0000000000000000e+00 -1.0000000000000000e+00 -1.0000000000000000e+00
 -1.0000000000000000e+00 -1.0000000000000000e+00  4.0000000000000000e+00 -1.0000000000000000e+00 -1.0000000000000000e+00
 -1.0000000000000000e+00 -1.0000000000000000e+00  4.0000000000000000e+00 -1.0000000000000000e+00
 -1.0000000000000000e+00  4.0000000000000000e+00 -1.0000000000000000e+00 -1.0000000000000000e+00
 -1.0000000000000000e+00 -1.0000000000000000e+00  4.0000000000000000e+00 -1.0000000000000000e+00 -1.0000000000000000e+00
 -1.0000000000000000e+00 -1.0000000000000000e+00  4.0000000000000000e+00 -1.0000000000000000e+00 -1.0000000000000000e+00
 -1.0000000000000000e+00 -1.0000000000000000e+00  4.0000000000000000e+00 -1.0000000000000000e+00 -1.0000000000000000e+00
 -1.0000000000000000e+00 -1.0000000000000000e+00  4.0000000000000000e+00 -1.0000000000000000e+00 -1.0000000000000000e+00
 -1.0000000000000000e+00 -1.0000000000000000e+00  4.0000000000000000e+00 -1.0000000000000000e+00 -1.0000000000000000e+00
 -1.0000000000000000e+00 -1.0000000000000000e+00  4.0000000000000000e+00 -1.0000000000000000e+00 -1.0000000000000000e+00
 -1.0000000000000000e+00 -1.0000000000000000e+00  4.0000000000000000e+00 -1.0000000000000000e+00 -1.0000000000000000e+00
 -1.0000000000000000e+00 -1.0000000000000000e+00  4.0000000000000000e+00 -1.0000000000000000e+00 -1.0000000000000000e+00
 -1.0000000000000000e+00 -1.0000000000000000e+00  4.0000000000000000e+00 -1.0000000000000000e+00
 -1.0000000000000000e+00  4.0000000000000000e+00 -1.0000000000000000e+00
 -1.0000000000000000e+00 -1.0000000000000000e+00  4.0000000000000000e+00 -1.0000000000000000e+00
 -1.0000000000000000e+00 -1.0000000000000000e+00  4.0000000000000000e+00 -1.0000000000000000e+00
 -1.0000000000000000e+00 -1.0000000000000000e+00  4.0000000000000000e+00 -1.0000000000000000e+00
 -1.0000000000000000e+00 -1.0000000000000000e+00  4.0000000000000000e+00 -1.0000000000000000e+00
 -1.0000000000000000e+00 -1.0000000000000000e+00  4.0000000000000000e+00 -1.0000000000000000e+00
 -1.0000000000000000e+00 -1.0000000000000000e+00  4.0000000000000000e+00 -1.0000000000000000e+00
 -1.0000000000000000e+00 -1.0000000000000000e+00  4.0000000000000000e+00 -1.0000000000000000e+00
 -1.0000000000000000e+00 -1.0000000000000000e+00  4.0000000000000000e+00 -1.0000000000000000e+00
 -1.0000000000000000e+00 -1.0000000000000000e+00  4.0000000000000000e+00
